%YAML:1.0
---
intrinsic: !!opencv-matrix
   rows: 3
   cols: 3
   dt: d
   data: [ 5.7419840812560585e+02, 0., 3.4465621181714778e+02, 0.,
       5.7095493236562481e+02, 1.9212867804137474e+02, 0., 0., 1. ]
distCoeffs: !!opencv-matrix
   rows: 1
   cols: 5
   dt: d
   data: [ -2.5299444616503808e-01, 7.6423908320313927e-02,
       -1.2286605803472246e-03, 1.6267966407270389e-03,
       -3.3968812878645782e-01 ]
